wn use definition,wn use hypernyms,wn use hyponyms,wn use meronyms,wn use holonyms,use n,use v,ox use sd,ox use d,ox use xh,ox use x,similarity method,n-best for calculating similarity,jaccard weight,weight for min 1-1,weight for min 1-n,weight for diff 1-n,weight for min n-n,weight for diff n-n,precision,recall,accuracy
1,0,0,0,0,1,0,1,1,1,1,1,4,0.2,0.01,0.1,1.01,0.1,1.01,0.7848794829772895,0.8149199709266554,0.8381772248264748
1,1,0,0,0,1,0,1,1,1,1,1,4,0.2,0.01,0.1,1.01,0.1,1.01,0.7862085559651056,0.8171742522030097,0.8388419185881905
1,0,1,0,0,1,0,1,1,1,1,1,4,0.2,0.01,0.1,1.01,0.1,1.01,0.7819647192749012,0.8117244875523263,0.83457324429869
1,0,0,1,0,1,0,1,1,1,1,1,4,0.2,0.01,0.1,1.01,0.1,1.01,0.784747365772039,0.8149054529243396,0.8381104126864951
1,0,0,0,1,1,0,1,1,1,1,1,4,0.2,0.01,0.1,1.01,0.1,1.01,0.7839413966742876,0.8139818846236535,0.8377081816747394
1,1,1,0,0,1,0,1,1,1,1,1,4,0.2,0.01,0.1,1.01,0.1,1.01,0.784805534589473,0.8154879893895888,0.8369531351868361
1,1,0,1,0,1,0,1,1,1,1,1,4,0.2,0.01,0.1,1.01,0.1,1.01,0.7858872278087825,0.8168696598881602,0.838733470335416
1,1,0,0,1,1,0,1,1,1,1,1,4,0.2,0.01,0.1,1.01,0.1,1.01,0.7852973823744507,0.8162370450811727,0.8379394228408013
1,1,1,1,0,1,0,1,1,1,1,1,4,0.2,0.01,0.1,1.01,0.1,1.01,0.7841494896038029,0.8148319444039187,0.8365657562428113
1,1,1,0,1,1,0,1,1,1,1,1,4,0.2,0.01,0.1,1.01,0.1,1.01,0.7838943609988179,0.8145507822677518,0.8360506394394468
