wn use definition,wn use hypernyms,wn use hyponyms,wn use meronyms,wn use holonyms,use n,use v,ox use sd,ox use d,ox use xh,ox use x,similarity method,n-best for calculating similarity,jaccard weight,weight for min 1-1,weight for min 1-n,weight for diff 1-n,weight for min n-n,weight for diff n-n,precision,recall,accuracy,
1,0,0,0,0,1,0,1,1,1,1,1,1,0.2,0.01,0.1,1.01,0.1,1.01,0.7708030934,0.7880677815,0.822951648,0.7793398332
1,0,0,0,0,1,0,1,1,1,1,1,2,0.2,0.01,0.1,1.01,0.1,1.01,0.7850392115,0.8037998243,0.8373392767,0.7943087576
1,0,0,0,0,1,0,1,1,1,1,1,3,0.2,0.01,0.1,1.01,0.1,1.01,0.7792392609,0.7964415104,0.8321719357,0.7877464842
1,0,0,0,0,1,0,1,1,1,1,1,4,0.2,0.01,0.1,1.01,0.1,1.01,0.7848840605,0.8014462746,0.8360779442,0.793078708
1,0,0,0,0,1,0,1,1,1,1,1,5,0.2,0.01,0.1,1.01,0.1,1.01,0.779092842,0.7959502631,0.8324733304,0.7874313415
1,0,0,0,0,1,0,1,1,1,1,1,6,0.2,0.01,0.1,1.01,0.1,1.01,0.7811159297,0.7983380273,0.8342266331,0.7896330851
1,0,0,0,0,1,0,1,1,1,1,1,7,0.2,0.01,0.1,1.01,0.1,1.01,0.7814649992,0.799293134,0.8344945942,0.7902785318
1,0,0,0,0,1,0,1,1,1,1,1,8,0.2,0.01,0.1,1.01,0.1,1.01,0.7813626662,0.799293134,0.834422961,0.7902262013
1,0,0,0,0,1,0,1,1,1,1,1,9,0.2,0.01,0.1,1.01,0.1,1.01,0.7810761336,0.7983380273,0.8341364283,0.7896127502
1,0,0,0,0,1,0,1,1,1,1,1,10,0.2,0.01,0.1,1.01,0.1,1.01,0.7810761336,0.7983380273,0.8341364283,0.7896127502
1,0,0,0,0,1,0,1,1,1,1,1,11,0.2,0.01,0.1,1.01,0.1,1.01,0.7810761336,0.7983380273,0.8341364283,0.7896127502
1,0,0,0,0,1,0,1,1,1,1,1,15,0.2,0.01,0.1,1.01,0.1,1.01,0.7810761336,0.7983380273,0.8341364283,0.7896127502
1,0,0,0,0,1,0,1,1,1,1,1,16,0.2,0.01,0.1,1.01,0.1,1.01,0.7810761336,0.7983380273,0.8341364283,0.7896127502
1,0,0,0,0,1,0,1,1,1,1,1,4,0.2,0.01,0.1,1,0.1,1.01,0.7826420157,0.7991568881,0.8351261344,0.7908132396
1,0,0,0,0,1,0,1,1,1,1,1,4,0.2,0.01,0.1,1.05,0.1,1.01,0.7762702973,0.7942694079,0.8351312861,0.7851667135
1,0,0,0,0,1,0,1,1,1,1,1,4,0.2,0.01,0.1,1.1,0.1,1.01,0.7762702973,0.7942694079,0.8375259222,0.7851667135
1,0,0,0,0,1,0,1,1,1,1,1,4,0.2,0.01,0.1,1.15,0.1,1.01,0.7762702973,0.7942694079,0.8375259222,0.7851667135
1,0,0,0,0,1,0,1,1,1,1,1,4,0.2,0.01,0.1,1.01,0.1,1.01,0.784890987,0.8014533159,0.8360891405,0.7930856914
1,0,0,0,0,1,0,1,1,1,1,1,4,0.2,0.01,0.1,1.06,0.1,1.01,0.7762702973,0.7942694079,0.8351312861,0.7851667135
1,0,0,0,0,1,0,1,1,1,1,1,4,0.2,0.01,0.1,1.11,0.1,1.01,0.7762702973,0.7942694079,0.8375259222,0.7851667135
1,0,0,0,0,1,0,1,1,1,1,1,4,0.2,0.01,0.1,1.16,0.1,1.01,0.7762702973,0.7942694079,0.8375259222,0.7851667135
1,0,0,0,0,1,0,1,1,1,1,1,4,0.2,0.01,0.1,1.02,0.1,1.01,0.7791438605,0.7971429711,0.8336945045,0.7880406528
1,0,0,0,0,1,0,1,1,1,1,1,4,0.2,0.01,0.1,1.07,0.1,1.01,0.7762702973,0.7942694079,0.8351312861,0.7851667135
1,0,0,0,0,1,0,1,1,1,1,1,4,0.2,0.01,0.1,1.12,0.1,1.01,0.7762702973,0.7942694079,0.8375259222,0.7851667135
1,0,0,0,0,1,0,1,1,1,1,1,4,0.2,0.01,0.1,1.17,0.1,1.01,0.7762702973,0.7942694079,0.838244313,0.7851667135
1,0,0,0,0,1,0,1,1,1,1,1,4,0.2,0.01,0.1,1.03,0.1,1.01,0.7762702973,0.7942694079,0.8327366501,0.7851667135
1,0,0,0,0,1,0,1,1,1,1,1,4,0.2,0.01,0.1,1.08,0.1,1.01,0.7762702973,0.7942694079,0.8351312861,0.7851667135
1,0,0,0,0,1,0,1,1,1,1,1,4,0.2,0.01,0.1,1.13,0.1,1.01,0.7762702973,0.7942694079,0.8375259222,0.7851667135
1,0,0,0,0,1,0,1,1,1,1,1,4,0.2,0.01,0.1,1.18,0.1,1.01,0.7762702973,0.7942694079,0.838244313,0.7851667135
1,0,0,0,0,1,0,1,1,1,1,1,4,0.2,0.01,0.1,1.15,0.1,1.01,0.5,0.5,0.4999999999,0.5
1,0,0,0,0,1,0,1,1,1,1,1,4,0.2,0.01,0.1,1.16,0.1,1.01,0.5,0.5,0.4999999999,0.5
1,0,0,0,0,1,0,1,1,1,1,1,4,0.2,0.01,0.1,1.17,0.1,1.01,0.5,0.5,0.4999999999,0.5
1,0,0,0,0,1,0,1,1,1,1,1,4,0.2,0.01,0.1,1.18,0.1,1.01,0.5,0.5,0.4999999999,0.5
1,0,0,0,0,1,0,1,1,1,1,1,4,0.2,0.01,0.1,1.19,0.1,1.01,0.5,0.5,0.4999999999,0.5
1,0,0,0,0,1,0,1,1,1,1,1,4,0.2,0.01,0.1,1.1,0.1,1.01,0.5666666666,0.5916666666,0.5833333333,0.5788968824
1,0,0,0,0,1,0,1,1,1,1,1,4,0.2,0.01,0.1,1.11,0.1,1.01,0.5666666666,0.5916666666,0.5833333333,0.5788968824
1,0,0,0,0,1,0,1,1,1,1,1,4,0.2,0.01,0.1,1.12,0.1,1.01,0.5666666666,0.5916666666,0.5833333333,0.5788968824
1,0,0,0,0,1,0,1,1,1,1,1,4,0.2,0.01,0.1,1,0.1,1.01,0.5666666666,0.5916666666,0.6083333333,0.5788968824
1,0,0,0,0,1,0,1,1,1,1,1,4,0.2,0.01,0.1,1.13,0.1,1.01,0.5666666666,0.5916666666,0.5833333333,0.5788968824
1,0,0,0,0,1,0,1,1,1,1,1,4,0.2,0.01,0.1,1.01,0.1,1.01,0.5666666666,0.5916666666,0.5833333333,0.5788968824
1,0,0,0,0,1,0,1,1,1,1,1,4,0.2,0.01,0.1,1.14,0.1,1.01,0.5666666666,0.5916666666,0.5833333333,0.5788968824
1,0,0,0,0,1,0,1,1,1,1,1,4,0.2,0.01,0.1,1.02,0.1,1.01,0.5666666666,0.5916666666,0.5833333333,0.5788968824
1,0,0,0,0,1,0,1,1,1,1,1,4,0.2,0.01,0.1,1.15,0.1,1.01,0.5666666666,0.5916666666,0.5833333333,0.5788968824
1,0,0,0,0,1,0,1,1,1,1,1,4,0.2,0.01,0.1,1.03,0.1,1.01,0.5666666666,0.5916666666,0.5833333333,0.5788968824
1,0,0,0,0,1,0,1,1,1,1,1,4,0.2,0.01,0.1,1.16,0.1,1.01,0.5666666666,0.5916666666,0.5833333333,0.5788968824
1,0,0,0,0,1,0,1,1,1,1,1,4,0.2,0.01,0.1,1.04,0.1,1.01,0.5666666666,0.5916666666,0.5833333333,0.5788968824
1,0,0,0,0,1,0,1,1,1,1,1,4,0.2,0.01,0.1,1.17,0.1,1.01,0.5666666666,0.5916666666,0.5833333333,0.5788968824
1,0,0,0,0,1,0,1,1,1,1,1,4,0.2,0.01,0.1,1.05,0.1,1.01,0.5666666666,0.5916666666,0.5833333333,0.5788968824
1,0,0,0,0,1,0,1,1,1,1,1,4,0.2,0.01,0.1,1.18,0.1,1.01,0.5666666666,0.5916666666,0.5833333333,0.5788968824
1,0,0,0,0,1,0,1,1,1,1,1,4,0.2,0.01,0.1,1.06,0.1,1.01,0.5666666666,0.5916666666,0.5833333333,0.5788968824
1,0,0,0,0,1,0,1,1,1,1,1,4,0.2,0.01,0.1,1.19,0.1,1.01,0.5666666666,0.5916666666,0.5833333333,0.5788968824
1,0,0,0,0,1,0,1,1,1,1,1,4,0.2,0.01,0.1,1.07,0.1,1.01,0.5666666666,0.5916666666,0.5833333333,0.5788968824
1,0,0,0,0,1,0,1,1,1,1,1,4,0.2,0.01,0.1,1.08,0.1,1.01,0.5666666666,0.5916666666,0.5833333333,0.5788968824
1,0,0,0,0,1,0,1,1,1,1,1,4,0.2,0.01,0.1,1.09,0.1,1.01,0.5666666666,0.5916666666,0.5833333333,0.5788968824
1,0,0,0,0,1,0,1,1,1,1,1,4,0.2,0.01,0.1,1,0.1,1.01,0.7436388888,0.761845238,0.7828710316,0.7526319755
1,0,0,0,0,1,0,1,1,1,1,1,4,0.2,0.01,0.1,1,0.1,1.01,0.7436388888,0.761845238,0.7828710316,0.7526319755
1,0,0,0,0,1,0,1,1,1,1,1,4,0.2,0.01,0.1,1.01,0.1,1.01,0.7436388888,0.761845238,0.7778710316,0.7526319755
1,0,0,0,0,1,0,1,1,1,1,1,4,0.2,0.01,0.1,1.01,0.1,1.01,0.7436388888,0.761845238,0.7778710316,0.7526319755
1,0,0,0,0,1,0,1,1,1,1,1,4,0.2,0.01,0.1,1.02,0.1,1.01,0.7336388888,0.756845238,0.7745376983,0.7450614058
1,0,0,0,0,1,0,1,1,1,1,1,4,0.2,0.01,0.1,1.02,0.1,1.01,0.7336388888,0.756845238,0.7745376983,0.7450614058
1,0,0,0,0,1,0,1,1,1,1,1,4,0.2,0.01,0.1,1.03,0.1,1.01,0.7236388888,0.746845238,0.771204365,0.7350589487
1,0,0,0,0,1,0,1,1,1,1,1,4,0.2,0.01,0.1,1.03,0.1,1.01,0.7236388888,0.746845238,0.771204365,0.7350589487
1,0,0,0,0,1,0,1,1,1,1,1,4,0.2,0.01,0.1,1.04,0.1,1.01,0.7236388888,0.746845238,0.771204365,0.7350589487
1,0,0,0,0,1,0,1,1,1,1,1,4,0.2,0.01,0.1,1.04,0.1,1.01,0.7236388888,0.746845238,0.771204365,0.7350589487
1,0,0,0,0,1,0,1,1,1,1,1,4,0.2,0.01,0.1,1.05,0.1,1.01,0.7236388888,0.746845238,0.771204365,0.7350589487
1,0,0,0,0,1,0,1,1,1,1,1,4,0.2,0.01,0.1,1.05,0.1,1.01,0.7236388888,0.746845238,0.771204365,0.7350589487
1,0,0,0,0,1,0,1,1,1,1,1,4,0.2,0.01,0.1,1.06,0.1,1.01,0.7236388888,0.746845238,0.771204365,0.7350589487
1,0,0,0,0,1,0,1,1,1,1,1,4,0.2,0.01,0.1,1.06,0.1,1.01,0.7236388888,0.746845238,0.771204365,0.7350589487
1,0,0,0,0,1,0,1,1,1,1,1,4,0.2,0.01,0.1,1.07,0.1,1.01,0.7236388888,0.746845238,0.771204365,0.7350589487
1,0,0,0,0,1,0,1,1,1,1,1,4,0.2,0.01,0.1,1.07,0.1,1.01,0.7236388888,0.746845238,0.771204365,0.7350589487
1,0,0,0,0,1,0,1,1,1,1,1,4,0.2,0.01,0.1,1,0.1,1.01,0.7819968247,0.7995563485,0.8301646547,0.7906791075
1,0,0,0,0,1,0,1,1,1,1,1,4,0.2,0.01,0.1,1.2,0.1,1.01,0.7779968247,0.7975563485,0.833497988,0.7876551769
1,0,0,0,0,1,0,1,1,1,1,1,4,0.2,0.01,0.1,1.1,0.1,1.01,0.7779968247,0.7975563485,0.833497988,0.7876551769
1,0,0,0,0,1,0,1,1,1,1,1,4,0.2,0.01,0.1,1.01,0.1,1.01,0.7859968247,0.8035563485,0.8321646547,0.7946795981
1,0,0,0,0,1,0,1,1,1,1,1,4,0.2,0.01,0.1,1.21,0.1,1.01,0.7779968247,0.7975563485,0.833497988,0.7876551769
1,0,0,0,0,1,0,1,1,1,1,1,4,0.2,0.01,0.1,1.11,0.1,1.01,0.7779968247,0.7975563485,0.833497988,0.7876551769
1,0,0,0,0,1,0,1,1,1,1,1,4,0.2,0.01,0.1,1.02,0.1,1.01,0.7819968247,0.8015563485,0.8308313213,0.7916557902
1,0,0,0,0,1,0,1,1,1,1,1,4,0.2,0.01,0.1,1.12,0.1,1.01,0.7779968247,0.7975563485,0.833497988,0.7876551769
1,0,0,0,0,1,0,1,1,1,1,1,4,0.2,0.01,0.1,1.22,0.1,1.01,0.7779968247,0.7975563485,0.833497988,0.7876551769
1,0,0,0,0,1,0,1,1,1,1,1,4,0.2,0.01,0.1,1.03,0.1,1.01,0.7779968247,0.7975563485,0.829497988,0.7876551769
1,0,0,0,0,1,0,1,1,1,1,1,4,0.2,0.01,0.1,1.23,0.1,1.01,0.7779968247,0.7975563485,0.833497988,0.7876551769
1,0,0,0,0,1,0,1,1,1,1,1,4,0.2,0.01,0.1,1.13,0.1,1.01,0.7779968247,0.7975563485,0.833497988,0.7876551769
1,0,0,0,0,1,0,1,1,1,1,1,4,0.2,0.01,0.1,1.04,0.1,1.01,0.7779968247,0.7975563485,0.829497988,0.7876551769
1,0,0,0,0,1,0,1,1,1,1,1,4,0.2,0.01,0.1,1.24,0.1,1.01,0.7779968247,0.7975563485,0.833497988,0.7876551769
1,0,0,0,0,1,0,1,1,1,1,1,4,0.2,0.01,0.1,1.14,0.1,1.01,0.7779968247,0.7975563485,0.833497988,0.7876551769
1,0,0,0,0,1,0,1,1,1,1,1,4,0.2,0.01,0.1,1.25,0.1,1.01,0.7779968247,0.7975563485,0.833497988,0.7876551769
1,0,0,0,0,1,0,1,1,1,1,1,4,0.2,0.01,0.1,1.05,0.1,1.01,0.7779968247,0.7975563485,0.831497988,0.7876551769
1,0,0,0,0,1,0,1,1,1,1,1,4,0.2,0.01,0.1,1.15,0.1,1.01,0.7779968247,0.7975563485,0.833497988,0.7876551769
1,0,0,0,0,1,0,1,1,1,1,1,4,0.2,0.01,0.1,1.06,0.1,1.01,0.7779968247,0.7975563485,0.831497988,0.7876551769
1,0,0,0,0,1,0,1,1,1,1,1,4,0.2,0.01,0.1,1.26,0.1,1.01,0.7779968247,0.7975563485,0.833497988,0.7876551769
1,0,0,0,0,1,0,1,1,1,1,1,4,0.2,0.01,0.1,1.16,0.1,1.01,0.7779968247,0.7975563485,0.833497988,0.7876551769
1,0,0,0,0,1,0,1,1,1,1,1,4,0.2,0.01,0.1,1.27,0.1,1.01,0.7779968247,0.7975563485,0.833497988,0.7876551769
1,0,0,0,0,1,0,1,1,1,1,1,4,0.2,0.01,0.1,1.07,0.1,1.01,0.7779968247,0.7975563485,0.831497988,0.7876551769
1,0,0,0,0,1,0,1,1,1,1,1,4,0.2,0.01,0.1,1.17,0.1,1.01,0.7779968247,0.7975563485,0.833497988,0.7876551769
1,0,0,0,0,1,0,1,1,1,1,1,4,0.2,0.01,0.1,1.28,0.1,1.01,0.7779968247,0.7975563485,0.833497988,0.7876551769
1,0,0,0,0,1,0,1,1,1,1,1,4,0.2,0.01,0.1,1.18,0.1,1.01,0.7779968247,0.7975563485,0.833497988,0.7876551769
1,0,0,0,0,1,0,1,1,1,1,1,4,0.2,0.01,0.1,1.08,0.1,1.01,0.7779968247,0.7975563485,0.831497988,0.7876551769
1,0,0,0,0,1,0,1,1,1,1,1,4,0.2,0.1,0.1,1.01,0.1,1.2,0.696934667,0.688729583,0.7415981653,0.6928078322
1,0,0,0,0,1,0,1,1,1,1,1,4,0.2,0.1,0.1,1.01,0.1,1.2,0.696934667,0.688729583,0.7415981653,0.6928078322
1,0,0,0,0,1,0,1,1,1,1,1,4,0.2,0.1,0.1,1.01,0.1,1.2,0.696934667,0.688729583,0.7415981653,0.6928078322
1,0,0,0,0,1,0,1,1,1,1,1,4,0.2,0.1,0.1,1.01,0.1,1.21,0.6969484696,0.688729583,0.7416134209,0.6928146519
1,0,0,0,0,1,0,1,1,1,1,1,4,0.2,0.1,0.1,1.01,0.1,1.1,0.6895801696,0.6906895554,0.738564883,0.6901344167
1,0,0,0,0,1,0,1,1,1,1,1,4,0.2,0.1,0.1,1.01,0.1,1,0.6836883265,0.7040746486,0.7337065439,0.6937317494
1,0,0,0,0,1,0,1,1,1,1,1,4,0.2,0.1,0.1,1.01,0.1,1.22,0.6940499189,0.6880049453,0.741251102,0.691014212
1,0,0,0,0,1,0,1,1,1,1,1,4,0.2,0.1,0.1,1.01,0.1,1.11,0.6896491827,0.6906895554,0.7386011149,0.690168977
1,0,0,0,0,1,0,1,1,1,1,1,4,0.2,0.1,0.1,1.01,0.1,1.01,0.6844697487,0.7011760979,0.7361131037,0.6927222113
1,0,0,0,0,1,0,1,1,1,1,1,4,0.2,0.1,0.1,1.01,0.1,1.23,0.6940499189,0.6880049453,0.741251102,0.691014212
1,0,0,0,0,1,0,1,1,1,1,1,4,0.2,0.1,0.1,1.01,0.1,1.12,0.6896491827,0.6906895554,0.7386011149,0.690168977
1,0,0,0,0,1,0,1,1,1,1,1,4,0.2,0.1,0.1,1.01,0.1,1.02,0.6859987028,0.7005963877,0.7370248731,0.6932207051
1,0,0,0,0,1,0,1,1,1,1,1,4,0.2,0.1,0.1,1.01,0.1,1.24,0.694065845,0.6880049453,0.7412663576,0.6910221055
1,0,0,0,0,1,0,1,1,1,1,1,4,0.2,0.1,0.1,1.01,0.1,1.13,0.6917023228,0.6906895554,0.7393717614,0.6911955681
1,0,0,0,0,1,0,1,1,1,1,1,4,0.2,0.1,0.1,1.01,0.1,1.03,0.687724658,0.699050494,0.7378137461,0.6933413268
1,0,0,0,0,1,0,1,1,1,1,1,4,0.2,0.1,0.1,1.01,0.5,1,0.6836883265,0.7040746486,0.7337065439,0.6937317494
1,0,0,0,0,1,0,1,1,1,1,1,4,0.2,0.1,0.1,1.01,0.5,1.1,0.6835935528,0.6777668501,0.7372133914,0.6806677321
1,0,0,0,0,1,0,1,1,1,1,1,4,0.2,0.1,0.1,1.01,0.5,1.2,0.6893581774,0.667808258,0.7413503386,0.6784121263
1,0,0,0,0,1,0,1,1,1,1,1,4,0.2,0.1,0.1,1.01,0.5,1.01,0.6818495508,0.6953789964,0.7342093004,0.6885478192
1,0,0,0,0,1,0,1,1,1,1,1,4,0.2,0.1,0.1,1.01,0.5,1.21,0.6893801362,0.667808258,0.7415467536,0.6784227596
1,0,0,0,0,1,0,1,1,1,1,1,4,0.2,0.1,0.1,1.01,0.5,1.11,0.6843250918,0.6757378646,0.7376844059,0.680004369
1,0,0,0,0,1,0,1,1,1,1,1,4,0.2,0.1,0.1,1.01,0.5,1.02,0.6835717417,0.6947992863,0.7352418427,0.6891397869
1,0,0,0,0,1,0,1,1,1,1,1,4,0.2,0.1,0.1,1.01,0.5,1.22,0.6867438353,0.6665039102,0.7413293623,0.6764725129
1,0,0,0,0,1,0,1,1,1,1,1,4,0.2,0.1,0.1,1.01,0.5,1.12,0.6843357482,0.6757378646,0.7391489368,0.6800096301
1,0,0,0,0,1,0,1,1,1,1,1,4,0.2,0.1,0.1,1.01,0.5,1.03,0.6851439859,0.6928910737,0.7360005224,0.6889957533
1,0,0,0,0,1,0,1,1,1,1,1,4,0.2,0.1,0.1,1.01,0.5,1.13,0.6863785363,0.6753237859,0.7398471194,0.6808062881
1,0,0,0,0,1,0,1,1,1,1,1,4,0.2,0.1,0.1,1.01,0.5,1.23,0.6868404536,0.6665039102,0.7414742898,0.6765193845
1,0,0,0,0,1,0,1,1,1,1,1,4,0.2,0.1,0.1,1.01,0.5,1.04,0.6845401211,0.689992523,0.7358582787,0.6872555079
1,0,0,0,0,1,0,1,1,1,1,1,4,0.2,0.1,0.1,1.01,0.5,1.14,0.6865652699,0.6745991483,0.7395667991,0.6805296114
1,0,0,0,0,1,0,1,1,1,1,1,4,0.2,0.1,0.1,1.01,0.5,1.24,0.6868668041,0.6665039102,0.7414895454,0.6765321665
1,0,0,0,0,1,0,1,1,1,1,1,4,0.2,0.1,0.1,1.01,0.5,1.05,0.683228872,0.6856446969,0.7347256969,0.6844346527
1,0,0,0,0,1,0,1,1,1,1,1,4,0.2,0.1,0.1,1.01,0.5,1.15,0.6848654238,0.6731498729,0.7385420801,0.6789571135
1,0,0,0,0,1,0,1,1,1,1,1,4,0.2,0.1,0.1,1.01,0.5,1.25,0.6836922009,0.6631222677,0.741232184,0.6732501517
1,0,0,0,0,1,0,1,1,1,1,1,4,0.2,0.1,0.1,1.01,0.5,1.06,0.6839316555,0.6856446969,0.7360961823,0.6847871049
1,0,0,0,0,1,0,1,1,1,1,1,4,0.2,0.1,0.1,1.01,0.5,1.16,0.6876673562,0.6717696106,0.7396669938,0.6796255264
1,0,0,0,0,1,0,1,1,1,1,1,4,0.2,0.1,0.1,1.01,0.5,1.26,0.683450655,0.6616729923,0.741642812,0.6723855326
1,0,0,0,0,1,0,1,1,1,1,1,4,0.2,0.1,0.1,1.01,0.5,1.07,0.6835973171,0.6832533926,0.7373580977,0.6834253116
1,0,0,0,0,1,0,1,1,1,1,1,4,0.2,0.1,0.1,1.01,0.5,1.17,0.6864596267,0.6688710599,0.7398239986,0.677551217
1,0,0,0,0,1,0,1,1,1,1,1,4,0.2,0.1,0.1,1.01,0.5,1.27,0.6833057275,0.6612589136,0.7415703482,0.6721015698
1,0,0,0,0,1,0,1,1,1,1,1,4,0.2,0.1,0.1,1.01,0.5,1.18,0.6883919939,0.6688710599,0.7406291516,0.6784911463
1,0,0,0,0,1,0,1,1,1,1,1,4,0.2,0.1,0.1,1.01,0.5,1.08,0.6839113268,0.6818731303,0.7372129932,0.6828907077
1,0,0,0,0,1,0,1,1,1,1,1,4,0.2,0.1,0.1,1.01,0.5,1.28,0.6762157804,0.6557033581,0.7399056948,0.6658016169
1,0,0,0,0,1,0,1,1,1,1,1,4,0.2,0.1,0.1,1.01,0.5,1.19,0.6881021388,0.6682913498,0.7409914705,0.6780520712
1,0,0,0,0,1,0,1,1,1,1,1,4,0.2,0.1,0.1,1.01,0.5,1.09,0.6819341011,0.6777668501,0.7361924618,0.6798440897
1,0,0,0,0,1,0,1,1,1,1,1,4,0.2,0.1,0.1,1.01,0.5,1.29,0.6712882442,0.6512750167,0.7391288991,0.6611302088
1,0,0,0,0,1,0,1,1,1,1,1,4,0.2,0.1,0.1,1,0.5,1.26,0.6814753641,0.6597606426,0.7409444223,0.6704422218
1,0,0,0,0,1,0,1,1,1,1,1,4,0.2,0.1,0.1,1.2,0.5,1.26,0.6747550029,0.6544266155,0.743816725,0.6644353589
1,0,0,0,0,1,0,1,1,1,1,1,4,0.2,0.1,0.1,1.1,0.5,1.26,0.6747550029,0.6544266155,0.7430920873,0.6644353589
1,0,0,0,0,1,0,1,1,1,1,1,4,0.2,0.1,0.1,1.01,0.5,1.26,0.683450655,0.6616729923,0.741642812,0.6723855326
1,0,0,0,0,1,0,1,1,1,1,1,4,0.2,0.1,0.1,1.21,0.5,1.26,0.6747550029,0.6544266155,0.743816725,0.6644353589
1,0,0,0,0,1,0,1,1,1,1,1,4,0.2,0.1,0.1,1.11,0.5,1.26,0.6747550029,0.6544266155,0.7430920873,0.6644353589
1,0,0,0,0,1,0,1,1,1,1,1,4,0.2,0.1,0.1,1.02,0.5,1.26,0.6776535536,0.6573251662,0.739227353,0.6673345846
1,0,0,0,0,1,0,1,1,1,1,1,4,0.2,0.1,0.1,1.22,0.5,1.26,0.6747550029,0.6544266155,0.743816725,0.6644353589
1,0,0,0,0,1,0,1,1,1,1,1,4,0.2,0.1,0.1,1.12,0.5,1.26,0.6747550029,0.6544266155,0.7430920873,0.6644353589
1,0,0,0,0,1,0,1,1,1,1,1,4,0.2,0.1,0.1,1.03,0.5,1.26,0.6747550029,0.6544266155,0.7382611695,0.6644353589
1,0,0,0,0,1,0,1,1,1,1,1,4,0.2,0.1,0.1,1.23,0.5,1.26,0.6747550029,0.6544266155,0.743816725,0.6644353589
1,0,0,0,0,1,0,1,1,1,1,1,4,0.2,0.1,0.1,1.13,0.5,1.26,0.6747550029,0.6544266155,0.7430920873,0.6644353589
1,0,0,0,0,1,0,1,1,1,1,1,4,0.2,0.1,0.1,1.04,0.5,1.26,0.6747550029,0.6544266155,0.739227353,0.6644353589
1,0,0,0,0,1,0,1,1,1,1,1,4,0.2,0.1,0.1,1.24,0.5,1.26,0.6747550029,0.6544266155,0.743816725,0.6644353589
1,0,0,0,0,1,0,1,1,1,1,1,4,0.2,0.1,0.1,1.14,0.5,1.26,0.6747550029,0.6544266155,0.7430920873,0.6644353589
1,0,0,0,0,1,0,1,1,1,1,1,4,0.2,0.1,0.5,1,0.5,1.26,0.6817366941,0.6596387716,0.740784618,
1,0,0,0,0,1,0,1,1,1,1,1,4,0.2,0.1,0.5,1.2,0.5,1.26,0.6611484588,0.6405211246,0.7398042259,
1,0,0,0,0,1,0,1,1,1,1,1,4,0.2,0.1,0.5,1.1,0.5,1.26,0.6699719882,0.649344654,0.740784618,
1,0,0,0,0,1,0,1,1,1,1,1,4,0.2,0.1,0.5,1.01,0.5,1.26,0.6846778705,0.6625799481,0.7422552063,
1,0,0,0,0,1,0,1,1,1,1,1,4,0.2,0.1,0.5,1.21,0.5,1.26,0.6611484588,0.6405211246,0.7412748141,
1,0,0,0,0,1,0,1,1,1,1,1,4,0.2,0.1,0.5,1.11,0.5,1.26,0.6699719882,0.649344654,0.740784618,
1,0,0,0,0,1,0,1,1,1,1,1,4,0.2,0.1,0.5,1.02,0.5,1.26,0.6787955176,0.6581681834,0.7398042259,
1,0,0,0,0,1,0,1,1,1,1,1,4,0.2,0.1,0.5,1.21,0.5,1.26,0.6611484588,0.6405211246,0.7412748141,
1,0,0,0,0,1,0,1,1,1,1,1,4,0.2,0.1,0.5,1.03,0.5,1.26,0.6758543411,0.6552270069,0.7388238337,
1,0,0,0,0,1,0,1,1,1,1,1,4,0.2,0.1,0.5,1.22,0.5,1.26,0.6611484588,0.6405211246,0.7412748141,
1,0,0,0,0,1,0,1,1,1,1,1,4,0.2,0.1,0.5,1.04,0.5,1.26,0.6758543411,0.6552270069,0.7398042259,
1,0,0,0,0,1,0,1,1,1,1,1,4,0.2,0.1,0.5,1.23,0.5,1.26,0.6611484588,0.6405211246,0.7412748141,
1,0,0,0,0,1,0,1,1,1,1,1,4,0.2,0.1,0.5,1.05,0.5,1.26,0.6729131647,0.6522858304,0.7398042259,
1,0,0,0,0,1,0,1,1,1,1,1,4,0.2,0.1,0.5,1.24,0.5,1.26,0.6582072823,0.6375799481,0.7398042259,
1,0,0,0,0,1,0,1,1,1,1,1,4,0.2,0.1,0.5,1.06,0.5,1.26,0.6729131647,0.6522858304,0.7398042259,
1,0,0,0,0,1,0,1,1,1,1,1,4,0.2,0.1,0.5,1.25,0.5,1.26,0.6582072823,0.6375799481,0.7398042259,
1,0,0,0,0,1,0,1,1,1,1,1,4,0.05,0.1,0.5,1.01,0.5,1.26,0.7240058861457408,0.7023635291640551,0.7936671913154868
1,0,0,0,0,1,0,1,1,1,1,1,4,0.1,0.1,0.5,1.01,0.5,1.26,0.7219338262656997,0.7011227324011968,0.7886460145817716
1,0,0,0,0,1,0,1,1,1,1,1,4,0.15,0.1,0.5,1.01,0.5,1.26,0.7187105422957519,0.7004173902938435,0.7839175607805967
1,0,0,0,0,1,0,1,1,1,1,1,4,0.2,0.1,0.5,1.01,0.5,1.26,0.7152155263412877,0.6989801871930243,0.7765499252188307
1,0,0,0,0,1,0,1,1,1,1,1,4,0.060000000000000005,0.1,0.5,1.01,0.5,1.26,0.7245650492048159,0.7015022376793776,0.7918149636845612
1,0,0,0,0,1,0,1,1,1,1,1,4,0.11,0.1,0.5,1.01,0.5,1.26,0.7207613875949417,0.7008859899776053,0.7885272675882044
1,0,0,0,0,1,0,1,1,1,1,1,4,0.16,0.1,0.5,1.01,0.5,1.26,0.7166271715648251,0.6989011982492974,0.7816985252960663
1,0,0,0,0,1,0,1,1,1,1,1,4,0.21000000000000002,0.1,0.5,1.01,0.5,1.26,0.7127555850223287,0.6980639154726993,0.774577960026206
1,0,0,0,0,1,0,1,1,1,1,1,4,0.07,0.1,0.5,1.01,0.5,1.26,0.7235707310244079,0.701502237679999,0.7909159061458114
1,0,0,0,0,1,0,1,1,1,1,1,4,0.12,0.1,0.5,1.01,0.5,1.26,0.7174163503759966,0.6985196930833945,0.7848158089422052
1,0,0,0,0,1,0,1,1,1,1,1,4,0.17,0.1,0.5,1.01,0.5,1.26,0.7176653119390975,0.700322999196559,0.7803056869618747
1,0,0,0,0,1,0,1,1,1,1,1,4,0.0,0.1,0.5,1.01,0.5,1.26,0.7200186750991457,0.6967632802569196,0.7923639787953151
1,0,0,0,0,1,0,1,1,1,1,1,4,0.05,0.1,0.5,1.01,0.5,1.26,0.7240058861457408,0.7023635291640551,0.7936671913154868
1,0,0,0,0,1,0,1,1,1,1,1,4,0.05,0.1,0.5,1.01,0.5,1.26,0.7240058861457408,0.7023635291640551,0.7936671913154868
1,0,0,0,0,1,0,1,1,1,1,1,4,0.05,0.1,0.5,1.01,0.5,1.26,0.7240058861457408,0.7023635291640551,0.7936671913154868
1,0,0,0,0,1,0,1,1,1,1,1,1,0.05,0.1,0.5,1.01,0.5,1.26,0.7528865131985577,0.7503846634720962,0.8062669642458966
1,1,0,0,0,1,0,1,1,1,1,1,4,0.05,0.1,0.5,1.01,0.5,1.26,0.7279175721621584,0.7081409438988994,0.7960684090184821
1,0,0,0,0,1,0,1,1,0,1,1,4,0.05,0.1,0.5,1.01,0.5,1.26,0.7067561772177872,0.68310017731654,0.7783849110151251
1,0,0,0,0,1,0,1,1,1,1,1,2,0.05,0.1,0.5,1.01,0.5,1.26,0.7365229387057944,0.7273845319713155,0.8043750720001008
1,0,1,0,0,1,0,1,1,1,1,1,4,0.05,0.1,0.5,1.01,0.5,1.26,0.7234032690677881,0.7027630191944896,0.7920145398584086
1,0,0,0,0,1,0,1,1,1,1,1,3,0.05,0.1,0.5,1.01,0.5,1.26,0.7334163018513917,0.7168760514196513,0.7991112117300477
1,0,0,0,0,1,0,1,1,1,0,1,4,0.05,0.1,0.5,1.01,0.5,1.26,0.7240058861457408,0.7023635291640551,0.7936671913154868
1,0,0,1,0,1,0,1,1,1,1,1,4,0.05,0.1,0.5,1.01,0.5,1.26,0.7225854316015095,0.7011009029024811,0.7926728731339341
1,0,0,0,0,1,0,1,1,1,1,1,4,0.05,0.1,0.5,1.01,0.5,1.26,0.7240058861457408,0.7023635291640551,0.7936671913154868
1,0,0,0,0,1,0,1,1,0,0,1,4,0.05,0.1,0.5,1.01,0.5,1.26,0.7067561772177872,0.68310017731654,0.7783849110151251
1,0,0,0,1,1,0,1,1,1,1,1,4,0.05,0.1,0.5,1.01,0.5,1.26,0.723058916449718,0.7014165594680324,0.7927202216194641
1,0,0,0,0,1,0,1,1,1,1,1,5,0.05,0.1,0.5,1.01,0.5,1.26,0.7171216824709963,0.6935338307464523,0.7881834966330863
1,0,0,0,0,1,0,1,1,1,1,1,4,0.05,0.1,0.5,1.01,0.5,1.26,0.7240058861457408,0.7023635291640551,0.7936671913154868
1,0,0,0,0,1,0,1,1,1,1,1,6,0.05,0.1,0.5,1.01,0.5,1.26,0.7149186820651311,0.6878562617098396,0.7837180306059006
1,1,1,0,0,1,0,1,1,1,1,1,4,0.05,0.1,0.5,1.01,0.5,1.26,0.726892658887286,0.7077989648441633,0.7937916421964306
1,0,0,0,0,1,0,1,1,1,1,1,7,0.05,0.1,0.5,1.01,0.5,1.26,0.711823669229242,0.686027185710605,0.7811798372587805
1,1,0,1,0,1,0,1,1,1,1,1,4,0.05,0.1,0.5,1.01,0.5,1.26,0.7266561404383594,0.7071948701060896,0.7951223352249891
1,0,0,0,0,1,0,1,1,1,1,1,8,0.05,0.1,0.5,1.01,0.5,1.26,0.7127663641860588,0.6858920323115162,0.7818655530458795
1,1,0,0,1,1,0,1,1,1,1,1,4,0.05,0.1,0.5,1.01,0.5,1.26,0.7269714983693485,0.7071948701060896,0.7951223352256722
1,0,0,0,0,1,0,1,1,1,1,1,9,0.05,0.1,0.5,1.01,0.5,1.26,0.7125456136342632,0.6858920323115162,0.7818432151924161
1,1,1,1,0,1,0,1,1,1,1,1,4,0.05,0.1,0.5,1.01,0.5,1.26,0.725631227163487,0.7068528910513534,0.7930032473685373
1,0,0,0,0,1,0,1,1,1,1,1,10,0.05,0.1,0.5,1.01,0.5,1.26,0.7125456136342632,0.6858920323115162,0.7818432151924161
1,1,1,0,1,1,0,1,1,1,1,1,4,0.05,0.1,0.5,1.01,0.5,1.26,0.7269557304735134,0.7077989648441633,0.7938266819665685
1,1,1,1,1,1,0,1,1,1,1,1,4,0.05,0.1,0.5,1.01,0.5,1.26,0.7256942987497144,0.7068528910513534,0.7930382871386752
1,1,1,1,1,1,0,1,1,1,1,1,1,0.0,0.1,0.5,1.01,0.5,1.26,0.7368988735371287,0.7392937794776728,0.7965729076584691
